0 4.745
1 6.915
2 8.715
3 10.475
4 12.23
5 13.755
6 15.27
7 16.77
8 18.27
9 19.465
10 20.83
11 22.315
12 23.8
13 24.925
14 26.335
15 27.81
16 28.855
17 30.335
18 31.81
19 32.85
20 34.325
21 35.36
22 36.835
23 37.865
24 39.34
25 40.375
26 41.84
27 42.87
28 44.34
29 45.37
30 46.84
31 47.865
32 49.34
33 50.36
34 51.835
35 52.855
36 54.035
37 55.35
38 56.37
39 57.845
40 58.865
41 60.335
42 61.355
43 62.375
44 63.845
45 64.865
46 65.965
47 67.355
48 68.37
49 69.84
50 70.86
51 71.875
52 73.345
53 74.365
54 75.38
55 76.85
56 77.865
57 78.88
58 80.35
59 81.365
60 82.38
61 83.855
62 84.865
63 85.88
64 87.355
65 88.365
66 89.38
67 90.85
68 91.865
69 92.875
70 94.35
71 95.36
72 96.375
73 97.425
74 98.86
75 99.87
76 100.88
77 102.355
78 103.365
79 104.375
80 105.665
81 106.86
82 107.875
83 108.885
84 110.355
85 111.365
86 112.375
87 113.455
88 114.86
89 115.87
90 116.88
91 118.355
92 119.365
93 120.375
94 121.385
95 122.86
96 123.87
97 124.875
98 125.885
99 127.36
100 128.37
101 129.38
102 130.385
103 131.86
104 132.87
105 133.88
106 134.89
107 136.365
108 137.37
109 138.38
110 139.385
111 140.865
112 141.87
113 142.88
114 143.885
115 145.36
116 146.37
117 147.38
118 148.385
119 149.86
120 150.87
121 151.875
122 152.885
123 154.185
124 155.365
125 156.375
126 157.38
127 158.39
128 159.865
129 160.87
130 161.88
131 162.885
132 164.36
133 165.37
134 166.375
135 167.385
136 168.39
137 169.865
138 170.875
139 171.88
140 172.885
141 174.365
142 175.37
143 176.375
144 177.38
145 178.39
146 179.865
147 180.87
148 181.88
149 182.885
150 183.89
151 185.365
152 186.375
153 187.38
154 188.385
155 189.505
156 190.87
157 191.875
158 192.88
159 193.885
160 195.195
161 196.37
162 197.375
163 198.38
164 199.385
165 200.845
166 201.87
167 202.875
168 203.88
169 204.885
170 206.19
171 207.37
172 208.375
173 209.38
174 210.385
175 211.5
176 212.87
177 213.875
178 214.88
179 215.885
180 216.89
181 218.37
182 219.375
183 220.38
184 221.385
185 222.39
186 223.87
187 224.875
188 225.88
189 226.885
190 227.89
191 229.365
192 230.37
193 231.375
194 232.38
195 233.385
196 234.39
197 235.87
198 236.875
199 237.88
200 238.885
201 239.89
202 241.37
203 242.375
204 243.38
205 244.38
206 245.385
207 246.39
208 247.87
209 248.875
210 249.88
211 250.885
212 251.89
213 253.14
214 254.375
215 255.375
216 256.38
217 257.385
218 258.39
219 259.87
220 260.875
221 261.88
222 262.885
223 263.885
224 264.89
225 266.37
226 267.375
227 268.38
228 269.385
229 270.39
230 271.39
231 272.87
232 273.875
233 274.88
234 275.885
235 276.89
236 277.89
237 279.37
238 280.375
239 281.38
240 282.385
241 283.39
242 284.39
243 285.87
244 286.875
245 287.88
246 288.885
247 289.89
248 290.89
249 292.37
250 293.375
251 294.38
252 295.385
253 296.39
254 297.39
255 298.87
256 299.875
257 300.88
258 301.885
259 302.885
260 303.89
261 305.37
262 306.375
263 307.38
264 308.38
265 309.385
266 310.39
267 311.41
268 312.875
269 313.88
270 314.88
271 315.885
272 316.89
273 317.89
274 319.375
275 320.375
276 321.38
277 322.385
278 323.385
279 324.39
280 325.58
281 326.875
282 327.88
283 328.88
284 329.885
285 330.89
286 331.89
287 333.375
288 334.375
289 335.38
290 336.385
291 337.385
292 338.39
293 339.395
294 340.875
295 341.88
296 342.88
297 343.885
298 344.89
299 345.89
300 347.375
301 348.375
302 349.38
303 350.385
304 351.385
305 352.39
306 353.39
307 354.875
308 355.875
309 356.88
310 357.885
311 358.885
312 359.89
313 360.895
314 362.375
315 363.38
316 364.38
317 365.385
318 366.385
319 367.39
320 368.395
321 369.875
322 370.88
323 371.88
324 372.885
325 373.885
326 374.89
327 375.895
328 377.375
329 378.38
330 379.38
331 380.385
332 381.385
333 382.39
334 383.395
335 384.875
336 385.88
337 386.88
338 387.885
339 388.885
340 389.89
341 390.895
342 392.375
343 393.38
344 394.38
345 395.385
346 396.385
347 397.39
348 398.39
349 399.875
350 400.875
351 401.88
352 402.885
353 403.885
354 404.89
355 405.89
356 406.895
357 408.375
358 409.38
359 410.38
360 411.385
361 412.39
362 413.39
363 414.395
364 415.875
365 416.88
366 417.88
367 418.885
368 419.885
369 420.89
370 421.89
371 423.12
372 424.38
373 425.38
374 426.385
375 427.385
376 428.39
377 429.39
378 430.395
379 431.875
380 432.88
381 433.88
382 434.885
383 435.885
384 436.89
385 437.89
386 438.945
387 440.38
388 441.38
389 442.385
390 443.385
391 444.39
392 445.39
393 446.395
394 447.875
395 448.88
396 449.88
397 450.885
398 451.885
399 452.89
400 453.89
401 454.895
402 456.375
403 457.38
404 458.38
405 459.385
406 460.385
407 461.39
408 462.39
409 463.395
410 464.875
411 465.88
412 466.88
413 467.885
414 468.885
415 469.89
416 470.89
417 471.895
418 473.38
419 474.38
420 475.385
421 476.385
422 477.385
423 478.39
424 479.39
425 480.395
426 481.88
427 482.88
428 483.885
429 484.885
430 485.885
431 486.89
432 487.89
433 488.895
434 490.38
435 491.38
436 492.385
437 493.385
438 494.385
439 495.39
440 496.39
441 497.395
442 498.88
443 499.88
444 500.88
445 501.885
446 502.885
447 503.89
448 504.89
449 505.895
450 507.38
451 508.38
452 509.38
453 510.385
454 511.385
455 512.39
456 513.39
457 514.395
458 515.845
459 516.88
460 517.88
461 518.885
462 519.885
463 520.89
464 521.89
465 522.89
466 523.895
467 525.38
468 526.38
469 527.385
470 528.385
471 529.385
472 530.39
473 531.39
474 532.395
475 533.88
476 534.88
477 535.88
478 536.885
479 537.885
480 538.89
481 539.89
482 540.895
483 541.895
484 543.38
485 544.38
486 545.385
487 546.385
488 547.385
489 548.39
490 549.39
491 550.395
492 551.88
493 552.88
494 553.88
495 554.885
496 555.885
497 556.89
498 557.89
499 558.89
