0 6.99
1 9.38
2 11.46
3 13.47
4 15.145
5 17.005
6 18.55
7 20.075
8 21.605
9 23.17
10 24.68
11 26.13
12 27.615
13 29.11
14 30.6
15 32.095
16 33.58
17 34.745
18 36.125
19 7.07
20 39.095
21 40.145
22 41.625
23 43.105
24 44.165
25 45.63
26 47.11
27 48.15
28 49.625
29 50.975
30 52.14
31 53.615
32 54.655
33 56.125
34 57.16
35 58.635
36 59.875
37 61.145
38 62.615
39 63.645
40 65.12
41 66.15
42 67.625
43 68.65
44 70.125
45 71.15
46 72.625
47 73.65
48 74.96
49 76.15
50 77.225
51 78.645
52 79.67
53 81.14
54 82.165
55 83.635
56 84.66
57 86.13
58 87.155
59 88.175
60 89.645
61 90.665
62 92.14
63 93.16
64 94.36
65 95.65
66 96.67
67 98.14
68 99.16
69 100.36
70 101.65
71 102.67
72 104.14
73 105.16
74 106.18
75 107.65
76 108.67
77 110.14
78 111.155
79 112.175
80 113.645
81 114.66
82 115.68
83 117.15
84 118.165
85 119.21
86 120.655
87 121.67
88 122.925
89 124.155
90 125.17
91 126.645
92 127.66
93 128.675
94 130.145
95 131.16
96 132.175
97 133.645
98 134.66
99 135.675
100 137.145
101 138.16
102 139.175
103 140.645
104 141.66
105 142.675
106 143.83
107 145.16
108 146.17
109 147.185
110 148.655
111 149.67
112 150.68
113 152.155
114 153.165
115 154.18
116 155.65
117 156.665
118 157.675
119 158.895
120 160.16
121 161.17
122 162.185
123 163.655
124 164.67
125 165.68
126 167.155
127 168.165
128 169.175
129 170.185
130 171.66
131 172.67
132 173.68
133 175.155
134 176.165
135 177.175
136 178.185
137 179.66
138 180.67
139 181.68
140 183.155
141 184.165
142 185.175
143 186.185
144 187.66
145 188.67
146 189.68
147 190.71
148 192.16
149 193.17
150 194.18
151 195.655
152 196.665
153 197.675
154 198.685
155 200.16
156 201.165
157 202.175
158 203.185
159 204.66
160 205.67
161 206.68
162 207.685
163 209.16
164 210.17
165 211.18
166 212.19
167 213.665
168 214.67
169 215.68
170 216.69
171 218.165
172 219.17
173 220.18
174 221.19
175 222.665
176 223.67
177 224.68
178 225.69
179 227.165
180 228.17
181 229.18
182 230.19
183 231.665
184 232.67
185 233.68
186 234.685
187 236.165
188 237.17
189 238.18
190 239.185
191 240.66
192 241.67
193 242.675
194 243.685
195 245.16
196 246.17
197 247.175
198 248.185
199 249.19
200 250.665
201 251.675
202 252.68
203 253.69
204 255.165
205 256.17
206 257.18
207 258.185
208 259.66
209 260.67
210 261.675
211 262.685
212 263.69
213 265.165
214 266.175
215 267.18
216 268.185
217 269.665
218 270.67
219 271.675
220 272.685
221 273.69
222 275.165
223 276.175
224 277.18
225 278.185
226 279.665
227 280.67
228 281.675
229 282.685
230 283.69
231 285.165
232 286.175
233 287.18
234 288.185
235 289.3
236 290.67
237 291.675
238 292.68
239 293.69
240 295.165
241 296.17
242 297.175
243 298.185
244 299.19
245 300.665
246 301.675
247 302.68
248 303.685
249 304.69
250 306.17
251 307.175
252 308.18
253 309.185
254 310.23
255 311.67
256 312.675
257 313.68
258 314.685
259 315.89
260 317.17
261 318.175
262 319.18
263 320.185
264 321.56
265 322.67
266 323.675
267 324.68
268 325.69
269 327.165
270 328.17
271 329.175
272 330.18
273 331.19
274 332.6
275 333.67
276 334.675
277 335.68
278 336.69
279 337.925
280 339.17
281 340.175
282 341.18
283 342.185
284 343.265
285 344.67
286 345.675
287 346.68
288 347.685
289 348.69
290 350.17
291 351.175
292 352.18
293 353.185
294 354.19
295 355.67
296 356.675
297 357.68
298 358.685
299 359.69
300 361.17
301 362.175
302 363.18
303 364.185
304 365.19
305 366.395
306 367.67
307 368.675
308 369.68
309 370.685
310 371.69
311 373.17
312 374.175
313 375.18
314 376.185
315 377.19
316 378.67
317 379.675
318 380.68
319 381.685
320 382.69
321 383.695
322 385.17
323 386.175
324 387.18
325 388.185
326 389.19
327 390.67
328 391.675
329 392.68
330 393.685
331 394.69
332 395.695
333 397.17
334 398.175
335 399.18
336 400.185
337 401.19
338 402.67
339 403.675
340 404.68
341 405.685
342 406.69
343 407.69
344 409.17
345 410.175
346 411.18
347 412.185
348 413.19
349 414.355
350 415.675
351 416.68
352 417.68
353 418.685
354 419.69
355 421.17
356 422.175
357 423.18
358 424.185
359 425.19
360 426.19
361 427.67
362 428.675
363 429.68
364 430.685
365 431.69
366 432.695
367 434.175
368 435.175
369 436.18
370 437.185
371 438.19
372 439.21
373 440.675
374 441.68
375 442.68
376 443.685
377 444.69
378 445.835
379 447.175
380 448.18
381 449.18
382 450.185
383 451.19
384 452.425
385 453.675
386 454.68
387 455.68
388 456.685
389 457.69
390 458.95
391 460.175
392 461.18
393 462.185
394 463.185
395 464.19
396 465.39
397 466.675
398 467.68
399 468.68
400 469.685
401 470.69
402 471.775
403 473.175
404 474.18
405 475.18
406 476.185
407 477.19
408 478.195
409 479.675
410 480.68
411 481.68
412 482.685
413 483.69
414 484.695
415 486.175
416 487.175
417 488.18
418 489.185
419 490.19
420 491.19
421 492.675
422 493.675
423 494.68
424 495.685
425 496.69
426 497.69
427 499.17
428 500.175
429 501.18
430 502.185
431 503.185
432 504.19
433 505.195
434 506.675
435 507.68
436 508.68
437 509.685
438 510.69
439 511.695
440 513.175
441 514.175
442 515.18
443 516.185
444 517.19
445 518.19
446 519.52
447 520.675
448 521.68
449 522.685
450 523.685
451 524.69
452 525.695
453 527.175
454 528.18
455 529.18
456 530.185
457 531.19
458 532.19
459 533.675
460 534.675
461 535.68
462 536.685
463 537.685
464 538.69
465 539.695
466 541.175
467 542.18
468 543.18
469 544.185
470 545.19
471 546.19
472 547.37
473 548.675
474 549.68
475 550.685
476 551.685
477 552.69
478 553.695
479 555.175
480 556.18
481 557.18
482 558.185
483 559.185
484 560.19
485 561.195
486 562.675
487 563.68
488 564.68
489 565.685
490 566.69
491 567.69
492 568.81
493 570.175
494 571.18
495 572.185
496 573.185
497 574.19
498 575.19
499 576.675
