0 9.26
1 12.035
2 14.165
3 16.215
4 18.22
5 19.915
6 21.775
7 23.325
8 25.19
9 26.805
10 28.33
11 29.845
12 31.36
13 32.87
14 34.375
15 35.875
16 37.375
17 38.875
18 40.37
19 41.86
20 43.355
21 44.705
22 45.91
23 47.395
24 48.88
25 9.41
26 51.5
27 52.905
28 54.385
29 12.07
30 56.92
31 58.4
32 59.88
33 60.925
34 62.405
35 63.88
36 64.925
37 66.4
38 67.775
39 68.92
40 70.395
41 71.435
42 72.91
43 74.31
44 75.42
45 76.895
46 77.93
47 79.405
48 80.44
49 81.915
50 83.085
51 84.42
52 85.895
53 86.925
54 88.4
55 89.43
56 90.9
57 91.93
58 93.405
59 94.435
60 95.905
61 96.935
62 98.405
63 99.435
64 100.905
65 101.93
66 103.405
67 104.43
68 105.685
69 106.925
70 107.965
71 109.425
72 110.45
73 111.92
74 112.945
75 114.415
76 115.44
77 116.91
78 117.935
79 119.01
80 120.425
81 121.45
82 122.92
83 123.94
84 125.415
85 126.435
86 127.455
87 128.925
88 129.945
89 131.42
90 132.44
91 133.57
92 134.93
93 135.95
94 137.42
95 138.44
96 139.56
97 140.93
98 141.95
99 143.42
100 144.44
101 145.46
102 146.93
103 147.945
104 149.42
105 150.435
106 151.455
107 152.925
108 153.945
109 154.96
110 156.43
111 157.45
112 158.92
113 159.935
114 160.955
115 162.425
116 163.44
117 164.455
118 165.93
119 166.945
120 167.96
121 169.43
122 170.45
123 171.515
124 172.935
125 173.95
126 175.17
127 176.435
128 177.45
129 178.89
130 179.94
131 180.955
132 182.425
133 183.44
134 184.455
135 185.925
136 186.94
137 187.955
138 189.425
139 190.44
140 191.455
141 192.865
142 193.94
143 194.955
144 196.16
145 197.44
146 198.45
147 199.505
148 200.94
149 201.95
150 202.965
151 204.435
152 205.45
153 206.46
154 207.935
155 208.945
156 209.96
157 211.43
158 212.445
159 213.455
160 214.87
161 215.94
162 216.955
163 217.965
164 219.44
165 220.45
166 221.46
167 222.935
168 223.945
169 224.96
170 226.43
171 227.445
172 228.455
173 229.465
174 230.94
175 231.95
176 232.96
177 234.435
178 235.445
179 236.455
180 237.525
181 238.94
182 239.95
183 240.965
184 242.435
185 243.445
186 244.46
187 245.53
188 246.94
189 247.95
190 248.965
191 250.435
192 251.445
193 252.455
194 253.465
195 254.94
196 255.95
197 256.96
198 258.435
199 259.445
200 260.455
201 261.465
202 262.94
203 263.95
204 264.96
205 265.97
206 267.445
207 268.45
208 269.46
209 270.935
210 271.945
211 272.955
212 273.965
213 275.44
214 276.45
215 277.46
216 278.465
217 279.94
218 280.95
219 281.96
220 282.97
221 284.445
222 285.45
223 286.46
224 287.595
225 288.945
226 289.955
227 290.965
228 292.335
229 293.445
230 294.455
231 295.465
232 296.94
233 297.945
234 298.955
235 299.965
236 301.44
237 302.45
238 303.455
239 304.465
240 305.94
241 306.95
242 307.955
243 308.965
244 310.44
245 311.45
246 312.455
247 313.465
248 314.94
249 315.95
250 316.955
251 317.965
252 319.44
253 320.45
254 321.455
255 322.465
256 323.69
257 324.945
258 325.955
259 326.965
260 328
261 329.445
262 330.455
263 331.46
264 332.47
265 333.945
266 334.955
267 335.96
268 336.97
269 338.445
270 339.45
271 340.46
272 341.465
273 342.94
274 343.95
275 344.955
276 345.965
277 347.135
278 348.45
279 349.455
280 350.465
281 351.47
282 352.945
283 353.955
284 354.96
285 355.97
286 357.445
287 358.45
288 359.46
289 360.465
290 361.61
291 362.95
292 363.955
293 364.965
294 365.97
295 367.445
296 368.455
297 369.46
298 370.465
299 371.945
300 372.95
301 373.955
302 374.965
303 375.97
304 377.445
305 378.455
306 379.46
307 380.465
308 381.945
309 382.95
310 383.955
311 384.965
312 385.97
313 387.445
314 388.455
315 389.46
316 390.465
317 391.73
318 392.95
319 393.955
320 394.965
321 395.97
322 397.445
323 398.455
324 399.46
325 400.465
326 401.47
327 402.95
328 403.955
329 404.96
330 405.97
331 407.445
332 408.45
333 409.455
334 410.465
335 411.47
336 412.945
337 413.955
338 414.96
339 415.965
340 416.97
341 418.45
342 419.455
343 420.46
344 421.465
345 422.555
346 423.95
347 424.955
348 425.96
349 426.97
350 428.445
351 429.45
352 430.46
353 431.465
354 432.47
355 433.945
356 434.955
357 435.96
358 436.965
359 437.97
360 439.45
361 440.455
362 441.46
363 442.465
364 443.47
365 444.95
366 445.955
367 446.96
368 447.965
369 448.97
370 450.45
371 451.455
372 452.46
373 453.465
374 454.47
375 455.95
376 456.955
377 457.96
378 458.965
379 459.97
380 461.45
381 462.455
382 463.46
383 464.465
384 465.47
385 466.95
386 467.955
387 468.96
388 469.965
389 470.97
390 472.45
391 473.455
392 474.46
393 475.465
394 476.47
395 477.95
396 478.955
397 479.96
398 480.965
399 481.97
400 483.45
401 484.455
402 485.46
403 486.465
404 487.47
405 488.95
406 489.955
407 490.96
408 491.965
409 492.97
410 494.055
411 495.45
412 496.46
413 497.465
414 498.47
415 499.475
416 500.95
417 501.955
418 502.96
419 503.965
420 504.97
421 506.45
422 507.455
423 508.46
424 509.465
425 510.47
426 511.95
427 512.955
428 513.96
429 514.965
430 515.97
431 516.975
432 518.45
433 519.455
434 520.46
435 521.465
436 522.47
437 523.95
438 524.955
439 525.96
440 526.965
441 527.97
442 529.24
443 530.455
444 531.46
445 532.465
446 533.47
447 534.475
448 535.95
449 536.955
450 537.96
451 538.965
452 539.97
453 541.45
454 542.455
455 543.46
456 544.465
457 545.47
458 546.475
459 547.95
460 548.955
461 549.96
462 550.965
463 551.97
464 553.45
465 554.455
466 555.46
467 556.465
468 557.47
469 558.475
470 559.95
471 560.955
472 561.96
473 562.965
474 563.97
475 565.12
476 566.455
477 567.46
478 568.465
479 569.47
480 570.47
481 571.95
482 572.955
483 573.96
484 574.965
485 575.97
486 576.975
487 578.455
488 579.46
489 580.46
490 581.465
491 582.47
492 583.645
493 584.955
494 585.96
495 586.965
496 587.97
497 588.97
498 590.45
499 591.455
