0 3.095
1 5.145
2 6.725
3 8.255
4 9.765
5 11.26
6 12.755
7 13.815
8 15.295
9 16.775
10 17.82
11 19.295
12 20.34
13 21.805
14 22.945
15 24.31
16 25.4
17 26.81
18 27.84
19 29.31
20 30.335
21 31.805
22 32.825
23 34.05
24 35.32
25 36.34
26 37.81
27 38.83
28 39.845
29 41.315
30 42.335
31 43.455
32 44.82
33 45.835
34 47.03
35 48.325
36 49.34
37 50.42
38 51.825
39 52.835
40 53.85
41 55.32
42 56.335
43 57.345
44 58.82
45 59.83
46 60.84
47 61.9
48 63.325
49 64.335
50 65.35
51 66.82
52 67.83
53 68.84
54 69.85
55 71.325
56 72.335
57 73.345
58 74.355
59 75.83
60 76.835
61 77.845
62 78.855
63 80.33
64 81.335
65 82.345
66 83.355
67 84.83
68 85.835
69 86.845
70 87.85
71 89.325
72 90.335
73 91.34
74 92.35
75 93.485
76 94.835
77 95.84
78 96.845
79 97.855
80 99.33
81 100.335
82 101.345
83 102.35
84 103.355
85 104.835
86 105.84
87 106.845
88 107.85
89 109.11
90 110.335
91 111.34
92 112.345
93 113.355
94 114.83
95 115.835
96 116.84
97 117.85
98 118.855
99 120.33
100 121.335
101 122.34
102 123.345
103 124.355
104 125.46
105 126.835
106 127.84
107 128.845
108 129.85
109 130.855
110 132.335
111 133.34
112 134.345
113 135.35
114 136.355
115 137.835
116 138.84
117 139.845
118 140.85
119 141.855
120 142.855
121 144.335
122 145.34
123 146.345
124 147.35
125 148.355
126 149.535
127 150.84
128 151.845
129 152.845
130 153.85
131 154.855
132 156.335
133 157.34
134 158.345
135 159.35
136 160.35
137 161.355
138 162.835
139 163.84
140 164.845
141 165.85
142 166.85
143 167.855
144 169.335
145 170.34
146 171.345
147 172.35
148 173.35
149 174.355
150 175.49
151 176.84
152 177.845
153 178.845
154 179.85
155 180.855
156 181.86
157 183.34
158 184.345
159 185.345
160 186.35
161 187.355
162 188.355
163 189.84
164 190.84
165 191.845
166 192.85
167 193.85
168 194.855
169 195.86
170 197.34
171 198.345
172 199.345
173 200.35
174 201.355
175 202.355
176 203.36
177 204.84
178 205.845
179 206.845
180 207.85
181 208.855
182 209.855
183 211.035
184 212.34
185 213.345
186 214.35
187 215.35
188 216.355
189 217.355
190 218.56
191 219.84
192 220.845
193 221.85
194 222.85
195 223.855
196 224.855
197 225.905
198 227.34
199 228.345
200 229.35
201 230.35
202 231.355
203 232.355
204 233.36
205 234.84
206 235.845
207 236.845
208 237.85
209 238.855
210 239.855
211 240.86
212 242.34
213 243.345
214 244.345
215 245.35
216 246.35
217 247.355
218 248.355
219 249.36
220 250.845
221 251.845
222 252.85
223 253.85
224 254.855
225 255.855
226 256.86
227 258.34
228 259.345
229 260.345
230 261.35
231 262.35
232 263.355
233 264.355
234 265.36
235 266.84
236 267.845
237 268.845
238 269.85
239 270.85
240 271.855
241 272.855
242 273.86
243 275.345
244 276.345
245 277.35
246 278.35
247 279.35
248 280.355
249 281.355
250 282.36
251 283.845
252 284.845
253 285.85
254 286.85
255 287.85
256 288.855
257 289.855
258 290.86
259 292.345
260 293.345
261 294.35
262 295.35
263 296.35
264 297.355
265 298.355
266 299.36
267 300.56
268 301.845
269 302.845
270 303.85
271 304.85
272 305.855
273 306.855
274 307.86
275 308.86
276 310.345
277 311.345
278 312.35
279 313.35
280 314.355
281 315.355
282 316.355
283 317.36
284 318.63
285 319.845
286 320.845
287 321.85
288 322.85
289 323.855
290 324.855
291 325.86
292 326.86
293 328.345
294 329.345
295 330.35
296 331.35
297 332.35
298 333.355
299 334.355
300 335.36
301 336.36
302 337.845
303 338.845
304 339.85
305 340.85
306 341.855
307 342.855
308 343.855
309 344.86
310 345.86
311 347.345
312 348.345
313 349.35
314 350.35
315 351.355
316 352.355
317 353.355
318 354.36
319 355.36
320 356.845
321 357.845
322 358.85
323 359.85
324 360.855
325 361.855
326 362.855
327 363.86
328 364.86
329 366.345
330 367.345
331 368.35
332 369.35
333 370.35
334 371.355
335 372.355
336 373.36
337 374.36
338 375.61
339 376.845
340 377.85
341 378.85
342 379.85
343 380.855
344 381.855
345 382.855
346 383.86
347 384.86
348 386.345
349 387.35
350 388.35
351 389.35
352 390.355
353 391.355
354 392.355
355 393.36
356 394.36
357 395.535
358 396.845
359 397.85
360 398.85
361 399.85
362 400.855
363 401.855
364 402.855
365 403.86
366 404.86
367 406.345
368 407.35
369 408.35
370 409.35
371 410.35
372 411.355
373 412.355
374 413.355
375 414.36
376 415.36
377 416.845
378 417.85
379 418.85
380 419.85
381 420.855
382 421.855
383 422.855
384 423.855
385 424.86
386 425.86
387 427.345
388 428.35
389 429.35
390 430.35
391 431.355
392 432.355
393 433.355
394 434.355
395 435.36
396 436.36
397 437.845
398 438.85
399 439.85
400 440.85
401 441.855
402 442.855
403 443.855
404 444.855
405 445.86
406 446.86
407 448.345
408 449.35
409 450.35
410 451.35
411 452.35
412 453.355
413 454.355
414 455.355
415 456.36
416 457.36
417 458.36
418 459.85
419 460.85
420 461.85
421 462.85
422 463.855
423 464.855
424 465.855
425 466.855
426 467.86
427 468.86
428 470.345
429 471.35
430 472.35
431 473.35
432 474.355
433 475.355
434 476.355
435 477.355
436 478.36
437 479.36
438 480.36
439 481.85
440 482.85
441 483.85
442 484.85
443 485.855
444 486.855
445 487.855
446 488.855
447 489.86
448 490.86
449 491.86
450 493.35
451 494.35
452 495.35
453 496.35
454 497.355
455 498.355
456 499.355
457 500.355
458 501.36
459 502.36
460 503.49
461 504.85
462 505.85
463 506.85
464 507.85
465 508.855
466 509.855
467 510.855
468 511.855
469 512.86
470 513.86
471 514.965
472 516.35
473 517.35
474 518.35
475 519.35
476 520.355
477 521.355
478 522.355
479 523.355
480 524.36
481 525.36
482 526.36
483 527.85
484 528.85
485 529.85
486 530.85
487 531.855
488 532.855
489 533.855
490 534.855
491 535.86
492 536.86
493 537.86
494 539.35
495 540.35
496 541.35
497 542.35
498 543.355
499 544.355
